/**:
  ros__parameters:
    map_origin:
      latitude:  17.547124355709556
      longitude: 78.5724706952649
      elevation: 0.0
      roll: 0.0
      pitch: 0.0
      yaw: 0.0
